id	Group	Pf_M76611_33_T	Pf_M76611_36_A	Pf_M76611_57_C	Pf_M76611_61_A	Pf_M76611_71_A	Pf_M76611_72_T	Pf_M76611_73_T
FP0008-C	Kobeni_Mauritania	4.14434	4.14434	4.14434	4.14434	4.14434	4.14434	4.14434
FP0009-C	Kobeni_Mauritania	4.69462	4.69462	4.69462	4.69462	4.69462	4.69462	4.69462
FP0015-C	Kobeni_Mauritania	4.68669	4.68669	4.68669	4.68669	4.68669	4.68669	4.68669
FP0016-C	Kobeni_Mauritania	2.60849	2.60849	2.60849	2.60849	2.60849	2.60849	2.60849
FP0017-C	Kobeni_Mauritania	4.69657	4.69657	4.69657	4.69657	4.69657	4.69657	4.69657
FP0018-C	Kobeni_Mauritania	4.69462	4.69462	4.69462	4.69462	4.69462	4.69462	4.69462
FP0020-C	Kobeni_Mauritania	4.68669	4.68669	4.68669	4.68669	4.68669	4.68669	4.68669
FP0021-C	Kobeni_Mauritania	4.69067	4.69067	4.69067	4.69067	4.69067	4.69067	4.69067
FP0022-C	Kobeni_Mauritania	4.69462	4.69462	4.69462	4.69462	4.69462	4.69462	4.69462
FP0023-C	Kobeni_Mauritania	4.68868	4.68868	4.68868	4.68868	4.68868	4.68868	4.68868
FP0024-C	Kobeni_Mauritania	4.05515	4.05515	4.05515	4.05515	4.05515	4.05515	4.05515
FP0025-C	Kobeni_Mauritania	4.67673	4.67673	4.67673	4.67673	4.67673	4.67673	4.67673
FP0026-C	Kobeni_Mauritania	2.05145	2.05145	2.15608	2.15608	2.15608	2.15608	2.15608
FP0027-C	Kobeni_Mauritania	1.65077	1.65077	1.96517	1.96517	1.93469	1.93469	1.93469
FP0028-C	Kobeni_Mauritania	4.69262	4.69262	4.69262	4.69262	4.69262	4.69262	4.69262
FP0029-C	Kobeni_Mauritania	4.61044	4.61044	4.61044	4.61044	4.61044	4.61044	4.61044
FP0030-C	Kobeni_Mauritania	4.46801	4.46801	4.46801	4.46801	4.46801	4.46801	4.46801
FP0031-C	Kobeni_Mauritania	4.54179	4.54179	4.54179	4.54179	4.54179	4.54179	4.54179
FP0032-C	Kobeni_Mauritania	4.69067	4.69067	4.69067	4.69067	4.69067	4.69067	4.69067
FP0033-C	Kobeni_Mauritania	4.69067	4.69067	4.69067	4.69067	4.69067	4.69067	4.69067
FP0034-C	Kobeni_Mauritania	3.61757	3.61757	3.61757	3.61757	3.61757	3.61757	3.61757
FP0035-C	Kobeni_Mauritania	4.69262	4.69262	4.69262	4.69262	4.69262	4.69262	4.69262
FP0038-C	Kobeni_Mauritania	4.68868	4.68868	4.68868	4.68868	4.68868	4.68868	4.68868
FP0039-C	Aioun_Mauritania	4.6847	4.6847	4.6847	4.6847	4.6847	4.6847	4.6847
FP0040-C	Aioun_Mauritania	4.69657	4.69657	4.69657	4.69657	4.69657	4.69657	4.69657
FP0041-C	Aioun_Mauritania	4.68669	4.68669	4.68669	4.68669	4.68669	4.68669	4.68669
FP0042-C	Aioun_Mauritania	4.31348	4.31348	4.31348	4.31348	4.31348	4.31348	4.31348
FP0043-C	Aioun_Mauritania	4.69067	4.69067	4.69067	4.69067	4.69067	4.69067	4.69067
FP0044-C	Aioun_Mauritania	4.69262	4.69262	4.69262	4.69262	4.69262	4.69262	4.69262
FP0046-C	Aioun_Mauritania	4.69262	4.69262	4.69262	4.69262	4.69262	4.69262	4.69262
FP0047-C	Aioun_Mauritania	4.68868	4.68868	4.68868	4.68868	4.68868	4.68868	4.68868
FP0048-C	Aioun_Mauritania	4.69462	4.69462	4.69462	4.69462	4.69462	4.69462	4.69462
FP0051-C	Selibaby_Mauritania	4.68868	4.68868	4.68868	4.68868	4.68868	4.68868	4.68868
FP0052-C	Selibaby_Mauritania	4.68074	4.68074	4.68074	4.68074	4.68074	4.68074	4.68074
FP0054-C	Selibaby_Mauritania	4.68669	4.68669	4.68669	4.68669	4.68669	4.68669	4.68669
FP0055-C	Selibaby_Mauritania	4.69852	4.69852	4.69852	4.69852	4.69852	4.69852	4.69852
FP0056-C	Selibaby_Mauritania	4.68669	4.68669	4.68669	4.68669	4.68669	4.68669	4.68669
FP0057-C	Selibaby_Mauritania	4.46801	4.46801	4.46801	4.46801	4.46801	4.46801	4.46801
FP0058-C	Selibaby_Mauritania	4.63792	4.63792	4.63792	4.63792	4.63792	4.63792	4.63792
FP0059-C	Selibaby_Mauritania	4.65241	4.65241	4.65241	4.65241	4.65241	4.65241	4.65241
FP0061-C	Selibaby_Mauritania	4.68868	4.68868	4.68868	4.68868	4.68868	4.68868	4.68868
FP0062-C	Selibaby_Mauritania	4.69067	4.69067	4.69067	4.69067	4.69067	4.69067	4.69067
FP0063-C	Selibaby_Mauritania	4.68074	4.68074	4.68074	4.68074	4.68074	4.68074	4.68074
FP0064-C	Selibaby_Mauritania	2.49104	2.49104	2.49104	2.49104	2.49104	2.49104	2.49104
FP0065-C	Selibaby_Mauritania	4.68868	4.68868	4.68868	4.68868	4.68868	4.68868	4.68868
FP0066-C	Selibaby_Mauritania	4.68669	4.68669	4.68669	4.68669	4.68669	4.68669	4.68669
FP0067-C	Selibaby_Mauritania	4.6847	4.6847	4.6847	4.6847	4.6847	4.6847	4.6847
FP0068-C	Selibaby_Mauritania	4.68669	4.68669	4.68669	4.68669	4.68669	4.68669	4.68669
FP0069-C	Selibaby_Mauritania	4.69657	4.69657	4.69657	4.69657	4.69657	4.69657	4.69657
FP0070-C	Selibaby_Mauritania	2.41719	2.41719	2.41719	2.41719	2.41719	2.41719	2.41719
FP0073-C	Selibaby_Mauritania	4.61259	4.61259	4.61259	4.61259	4.61259	4.61259	4.61259
FP0077-C	Selibaby_Mauritania	4.68669	4.68669	4.68669	4.68669	4.68669	4.68669	4.68669
FP0078-C	Selibaby_Mauritania	4.69657	4.69657	4.69657	4.69657	4.69657	4.69657	4.69657
FP0081-C	Nema_Mauritania	2.50868	2.50868	2.50868	2.50868	2.50868	2.50868	2.50868
FP0082-C	Nema_Mauritania	4.5975	4.5975	4.5975	4.5975	4.5975	4.5975	4.5975
FP0084-C	Nema_Mauritania	4.69262	4.69262	4.69262	4.69262	4.69262	4.69262	4.69262
FP0089-C	Nema_Mauritania	4.62531	4.62531	4.62531	4.62531	4.62531	4.62531	4.62531
FP0090-C	Nema_Mauritania	3.36221	3.36221	3.36221	3.36221	3.36221	3.36221	3.36221
FP0092-C	Nema_Mauritania	4.68868	4.68868	4.68868	4.68868	4.68868	4.68868	4.68868
FP0093-C	Nema_Mauritania	4.68868	4.68868	4.68868	4.68868	4.68868	4.68868	4.68868
FP0095-C	Nema_Mauritania	4.68868	4.68868	4.68868	4.68868	4.68868	4.68868	4.68868
FP0096-C	Nema_Mauritania	4.69262	4.69262	4.69262	4.69262	4.69262	4.69262	4.69262
FP0097-C	Nema_Mauritania	4.69462	4.69462	4.69462	4.69462	4.69462	4.69462	4.69462
FP0098-C	Nema_Mauritania	4.68669	4.68669	4.68669	4.68669	4.68669	4.68669	4.68669
FP0101-C	Nema_Mauritania	4.68868	4.68868	4.68868	4.68868	4.68868	4.68868	4.68868
FP0102-C	Nema_Mauritania	3.75249	3.75249	3.75249	3.75249	3.75249	3.75249	3.75249
FP0103-C	Nema_Mauritania	4.021	4.021	4.021	4.021	4.021	4.021	4.021
FP0105-C	Nema_Mauritania	4.69067	4.69067	4.69067	4.69067	4.69067	4.69067	4.69067
FP0106-C	Nema_Mauritania	0.259002	0	0.259002	0	0	0	0
FP0109-C	Nema_Mauritania	1.99476	1.99476	2.20459	2.20459	2.20459	2.20459	2.20459
FP0110-C	Nema_Mauritania	0.387343	0	0.507864	0	0	0.619103	0.619103
FP0112-C	Nema_Mauritania	4.65647	4.65647	4.65647	4.65647	4.65647	4.65647	4.65647
FP0113-C	Nema_Mauritania	2.10513	2.10513	2.10513	2.10513	2.10513	2.10513	2.10513
FP0114-C	Nema_Mauritania	4.69262	4.69262	4.69262	4.69262	4.69262	4.69262	4.69262
FP0116-C	Nema_Mauritania	3.47495	3.47495	3.47495	3.47495	3.47495	3.47495	3.47495
FP0117-C	Nema_Mauritania	2.6699	2.6699	2.6699	2.6699	2.6699	2.6699	2.6699
FP0119-C	Nema_Mauritania	4.68868	4.68868	4.68868	4.68868	4.68868	4.68868	4.68868
FP0120-C	Nema_Mauritania	4.68272	4.68272	4.68272	4.68272	4.68272	4.68272	4.68272
FP0123-C	Nema_Mauritania	3.96952	3.96952	3.96952	3.96952	3.96952	3.96952	3.96952
FP0127-C	Nema_Mauritania	4.49963	4.49963	4.49963	4.49963	4.49963	4.49963	4.49963
FP0128-C	Nema_Mauritania	2.13093	2.13093	2.13093	2.13093	2.13093	2.13093	2.13093
FP0129-C	Nema_Mauritania	4.68669	4.68669	4.68669	4.68669	4.68669	4.68669	4.68669
FP0132-C	Nema_Mauritania	3.04958	3.04958	3.04958	3.04958	3.04958	3.04958	3.04958
FP0133-C	Nema_Mauritania	0.259002	0	0.259002	0	0	0	0
FP0136-C	Nema_Mauritania	3.03934	3.03934	3.03934	3.03934	3.03934	3.03934	3.03934
FP0139-C	Nema_Mauritania	0.619103	0	0.619103	0	0	0.507864	0.507864
PA0007-C	Brikama_Gambia	4.68868	4.68868	4.68868	4.68868	4.68868	4.68868	4.68868
PA0008-C	Brikama_Gambia	4.69852	4.69852	4.69852	4.69852	4.69852	4.69852	4.69852
PA0011-C	Brikama_Gambia	4.69462	4.69462	4.69462	4.69462	4.69462	4.69462	4.69462
PA0012-C	Brikama_Gambia	4.69262	4.69262	4.69262	4.69262	4.69262	4.69262	4.69262
PA0013-C	Brikama_Gambia	4.68669	4.68669	4.68669	4.68669	4.68669	4.68669	4.68669
PA0014-C	Brikama_Gambia	4.37493	4.37493	4.37493	4.37493	4.37493	4.37493	4.37493
PA0015-C	Brikama_Gambia	4.68868	4.68868	4.68868	4.68868	4.68868	4.68868	4.68868
PA0016-C	Brikama_Gambia	4.71022	4.71022	4.71022	4.71022	4.71022	4.71022	4.71022
PA0017-C	Brikama_Gambia	3.95725	3.95725	3.95725	3.95725	3.95725	3.95725	3.95725
PA0018-C	Brikama_Gambia	4.68669	4.68669	4.68669	4.68669	4.68669	4.68669	4.68669
PA0020-C	Brikama_Gambia	4.68074	4.68074	4.68074	4.68074	4.68074	4.68074	4.68074
PA0021-C	Brikama_Gambia	4.6847	4.6847	4.6847	4.6847	4.6847	4.6847	4.6847
PA0022-C	Brikama_Gambia	4.68669	4.68669	4.68669	4.68669	4.68669	4.68669	4.68669
PA0026-C	Brikama_Gambia	4.26322	4.26322	4.26322	4.26322	4.26322	4.26322	4.26322
PA0027-C	Brikama_Gambia	4.69262	4.69262	4.69262	4.69262	4.69262	4.69262	4.69262
PA0028-C	Brikama_Gambia	4.67673	4.67673	4.67673	4.67673	4.67673	4.67673	4.67673
PA0029-C	Brikama_Gambia	4.70048	4.70048	4.70048	4.70048	4.70048	4.70048	4.70048
PA0030-C	Brikama_Gambia	4.6847	4.6847	4.6847	4.6847	4.6847	4.6847	4.6847
PA0032-C	Brikama_Gambia	4.46801	4.46801	4.46801	4.46801	4.46801	4.46801	4.46801
PA0034-C	Brikama_Gambia	4.68669	4.68669	4.68669	4.68669	4.68669	4.68669	4.68669
PA0035-C	Brikama_Gambia	4.61898	4.61898	4.61898	4.61898	4.61898	4.61898	4.61898
PA0036-C	Brikama_Gambia	4.68868	4.68868	4.68868	4.68868	4.68868	4.68868	4.68868
PA0037-C	Brikama_Gambia	4.70441	4.70441	4.70441	4.70441	4.70441	4.70441	4.70441
PA0038-C	Brikama_Gambia	4.69262	4.69262	4.69262	4.69262	4.69262	4.69262	4.69262
PA0039-C	Brikama_Gambia	4.1579	4.1579	4.1579	4.1579	4.1579	4.1579	4.1579
PA0040-C	Brikama_Gambia	4.68868	4.68868	4.68868	4.68868	4.68868	4.68868	4.68868
PA0041-C	Brikama_Gambia	4.68868	4.68868	4.68868	4.68868	4.68868	4.68868	4.68868
PA0042-C	Brikama_Gambia	4.41997	4.41997	4.41997	4.41997	4.41997	4.41997	4.41997
PA0044-C	Brikama_Gambia	4.68669	4.68669	4.68669	4.68669	4.68669	4.68669	4.68669
PA0045-C	Brikama_Gambia	4.69067	4.69067	4.69067	4.69067	4.69067	4.69067	4.69067
PA0046-C	Brikama_Gambia	3.72174	3.72174	3.72174	3.72174	3.72174	3.72174	3.72174
PA0047-C	Brikama_Gambia	3.43415	3.43415	3.43415	3.43415	3.43415	3.43415	3.43415
PA0049-C	Brikama_Gambia	4.69462	4.69462	4.69462	4.69462	4.69462	4.69462	4.69462
PA0050-C	Brikama_Gambia	4.68868	4.68868	4.68868	4.68868	4.68868	4.68868	4.68868
PA0051-C	Brikama_Gambia	3.82551	3.82551	3.82551	3.82551	3.82551	3.82551	3.82551
PA0052-C	Brikama_Gambia	4.68272	4.68272	4.68272	4.68272	4.68272	4.68272	4.68272
PA0053-C	Brikama_Gambia	4.6847	4.6847	4.6847	4.6847	4.6847	4.6847	4.6847
PA0054-C	Brikama_Gambia	3.66274	3.66274	3.66274	3.66274	3.66274	3.66274	3.66274
PA0056-C	Brikama_Gambia	4.68669	4.68669	4.68669	4.68669	4.68669	4.68669	4.68669
PA0057-C	Brikama_Gambia	4.52091	4.52091	4.52091	4.52091	4.52091	4.52091	4.52091
PA0059-C	Brikama_Gambia	4.49481	4.49481	4.49481	4.49481	4.49481	4.49481	4.49481
PA0060-C	Brikama_Gambia	4.6847	4.6847	4.6847	4.6847	4.6847	4.6847	4.6847
PA0061-C	Brikama_Gambia	4.6847	4.6847	4.6847	4.6847	4.6847	4.6847	4.6847
PA0063-C	Brikama_Gambia	4.6211	4.6211	4.6211	4.6211	4.6211	4.6211	4.6211
PA0064-C	Brikama_Gambia	2.6242	2.6242	2.6242	2.6242	2.6242	2.6242	2.6242
PA0065-C	Brikama_Gambia	4.69657	4.69657	4.69657	4.69657	4.69657	4.69657	4.69657
PA0066-C	Brikama_Gambia	3.74234	3.74234	3.74234	3.74234	3.74234	3.74234	3.74234
PA0067-C	Brikama_Gambia	4.2872	4.2872	4.2872	4.2872	4.2872	4.2872	4.2872
PA0068-C	Brikama_Gambia	4.35853	4.35853	4.35853	4.35853	4.35853	4.35853	4.35853
PA0069-C	Brikama_Gambia	4.48515	4.48515	4.48515	4.48515	4.48515	4.48515	4.48515
PA0071-C	Brikama_Gambia	4.47783	4.47783	4.47783	4.47783	4.47783	4.47783	4.47783
PA0072-C	Brikama_Gambia	4.55089	4.55089	4.55089	4.55089	4.55089	4.55089	4.55089
PA0073-C	Brikama_Gambia	4.54179	4.54179	4.54179	4.54179	4.54179	4.54179	4.54179
PA0074-C	Brikama_Gambia	4.6847	4.6847	4.6847	4.6847	4.6847	4.6847	4.6847
PA0075-C	Brikama_Gambia	4.6847	4.6847	4.6847	4.6847	4.6847	4.6847	4.6847
PA0078-C	Brikama_Gambia	4.67673	4.67673	4.67673	4.67673	4.67673	4.67673	4.67673
PA0079-C	Brikama_Gambia	3.8208	3.8208	3.8208	3.8208	3.8208	3.8208	3.8208
PA0080-C	Brikama_Gambia	4.62953	4.62953	4.62953	4.62953	4.62953	4.62953	4.62953
PA0081-C	Brikama_Gambia	4.70048	4.70048	4.70048	4.70048	4.70048	4.70048	4.70048
PA0084-C	Brikama_Gambia	4.55768	4.55768	4.55768	4.55768	4.55768	4.55768	4.55768
PA0085-C	Brikama_Gambia	4.47047	4.47047	4.47047	4.47047	4.47047	4.47047	4.47047
PA0086-C	Brikama_Gambia	3.63475	3.63475	3.63475	3.63475	3.63475	3.63475	3.63475
PA0087-C	Brikama_Gambia	4.69657	4.69657	4.69657	4.69657	4.69657	4.69657	4.69657
PA0089-C	Brikama_Gambia	4.69262	4.69262	4.69262	4.69262	4.69262	4.69262	4.69262
PA0090-C	Brikama_Gambia	4.68669	4.68669	4.68669	4.68669	4.68669	4.68669	4.68669
PA0091-C	Brikama_Gambia	4.68868	4.68868	4.68868	4.68868	4.68868	4.68868	4.68868
PA0092-C	Brikama_Gambia	4.68868	4.68868	4.68868	4.68868	4.68868	4.68868	4.68868
PA0093-C	Brikama_Gambia	4.68868	4.68868	4.68868	4.68868	4.68868	4.68868	4.68868
PA0094-C	Brikama_Gambia	2.91912	2.91912	2.91912	2.91912	2.91912	2.91912	2.91912
PA0095-C	Brikama_Gambia	4.68272	4.68272	4.68272	4.68272	4.68272	4.68272	4.68272
PA0097-C	Brikama_Gambia	4.57116	4.57116	4.57116	4.57116	4.57116	4.57116	4.57116
PA0098-C	Brikama_Gambia	4.29893	4.29893	4.29893	4.29893	4.29893	4.29893	4.29893
PA0099-C	Brikama_Gambia	4.67269	4.67269	4.67269	4.67269	4.67269	4.67269	4.67269
PA0100-C	Brikama_Gambia	4.65851	4.65851	4.65851	4.65851	4.65851	4.65851	4.65851
PA0101-C	Brikama_Gambia	4.31921	4.31921	4.31921	4.31921	4.31921	4.31921	4.31921
PA0102-C	Brikama_Gambia	3.91951	3.91951	3.91951	3.91951	3.91951	3.91951	3.91951
PA0103-C	Brikama_Gambia	4.66666	4.66666	4.66666	4.66666	4.66666	4.66666	4.66666
PA0104-C	Brikama_Gambia	4.31348	4.31348	4.31348	4.31348	4.31348	4.31348	4.31348
PA0105-C	Brikama_Gambia	4.69657	4.69657	4.69657	4.69657	4.69657	4.69657	4.69657
PA0134-C	Nzerekore_Guinea	4.68868	4.68868	4.68868	4.68868	4.68868	4.68868	4.68868
PA0136-C	Nzerekore_Guinea	4.68669	4.68669	4.68669	4.68669	4.68669	4.68669	4.68669
PA0137-C	Nzerekore_Guinea	4.69262	4.69262	4.69262	4.69262	4.69262	4.69262	4.69262
PA0138-C	Nzerekore_Guinea	4.68669	4.68669	4.68669	4.68669	4.68669	4.68669	4.68669
PA0140-C	Nzerekore_Guinea	3.64605	3.64605	3.64605	3.64605	3.64605	3.64605	3.64605
PA0141-C	Nzerekore_Guinea	4.68272	4.68272	4.68272	4.68272	4.68272	4.68272	4.68272
PA0143-C	Nzerekore_Guinea	2.13093	2.13093	2.13093	2.13093	2.13093	2.13093	2.13093
PA0144-C	Nzerekore_Guinea	4.68272	4.68272	4.68272	4.68272	4.68272	4.68272	4.68272
PA0145-C	Nzerekore_Guinea	4.6847	4.6847	4.6847	4.6847	4.6847	4.6847	4.6847
PA0146-C	Nzerekore_Guinea	4.27228	4.27228	4.27228	4.27228	4.27228	4.27228	4.27228
PA0147-C	Nzerekore_Guinea	4.68669	4.68669	4.68669	4.68669	4.68669	4.68669	4.68669
PA0148-C	Nzerekore_Guinea	4.6847	4.6847	4.6847	4.6847	4.6847	4.6847	4.6847
PA0149-C	Nzerekore_Guinea	4.11666	4.11666	4.11666	4.11666	4.11666	4.11666	4.11666
PA0150-C	Nzerekore_Guinea	3.4131	3.4131	3.4131	3.4131	3.4131	3.4131	3.4131
PA0151-C	Nzerekore_Guinea	4.68272	4.68272	4.68272	4.68272	4.68272	4.68272	4.68272
PA0152-C	Nzerekore_Guinea	4.09536	4.09536	4.09536	4.09536	4.09536	4.09536	4.09536
PA0153-C	Nzerekore_Guinea	4.6847	4.6847	4.6847	4.6847	4.6847	4.6847	4.6847
PA0154-C	Nzerekore_Guinea	5.41684	5.46536	5.58936	5.58936	5.58936	5.58936	5.58936
PA0155-C	Nzerekore_Guinea	4.70441	4.70441	4.70441	4.70441	4.70441	4.70441	4.70441
PA0156-C	Nzerekore_Guinea	3.55803	3.55803	3.55803	3.55803	3.55803	3.55803	3.55803
PA0157-C	Nzerekore_Guinea	4.43796	4.43796	4.43796	4.43796	4.43796	4.43796	4.43796
PA0158-C	Nzerekore_Guinea	4.69067	4.69067	4.69067	4.69067	4.69067	4.69067	4.69067
PA0159-C	Nzerekore_Guinea	4.70048	4.70048	4.70048	4.70048	4.70048	4.70048	4.70048
PA0160-C	Nzerekore_Guinea	4.56889	4.56889	4.56889	4.56889	4.56889	4.56889	4.56889
PA0161-C	Nzerekore_Guinea	4.68669	4.68669	4.68669	4.68669	4.68669	4.68669	4.68669
PA0162-C	Nzerekore_Guinea	4.69067	4.69067	4.69067	4.69067	4.69067	4.69067	4.69067
PA0163-C	Nzerekore_Guinea	4.60614	4.60614	4.60614	4.60614	4.60614	4.60614	4.60614
PA0164-C	Nzerekore_Guinea	3.76753	3.76753	3.76753	3.76753	3.76753	3.76753	3.76753
PA0165-C	Nzerekore_Guinea	4.71022	4.71022	4.71022	4.71022	4.71022	4.71022	4.71022
PA0166-C	Nzerekore_Guinea	1.80264	1.80264	1.90326	1.90326	1.90326	1.90326	1.90326
PA0167-C	Nzerekore_Guinea	4.69462	4.69462	4.69462	4.69462	4.69462	4.69462	4.69462
PA0168-C	Nzerekore_Guinea	4.68272	4.68272	4.68272	4.68272	4.68272	4.68272	4.68272
PA0169-C	Nzerekore_Guinea	4.68272	4.68272	4.68272	4.68272	4.68272	4.68272	4.68272
PA0170-C	Nzerekore_Guinea	2.54307	2.54307	2.54307	2.54307	2.54307	2.54307	2.54307
PA0171-C	Nzerekore_Guinea	4.68272	4.68272	4.68272	4.68272	4.68272	4.68272	4.68272
PA0172-C	Nzerekore_Guinea	4.6847	4.6847	4.6847	4.6847	4.6847	4.6847	4.6847
PA0173-C	Nzerekore_Guinea	4.68074	4.68074	4.68074	4.68074	4.68074	4.68074	4.68074
PA0175-C	Nzerekore_Guinea	3.12799	3.12799	3.12799	3.12799	3.12799	3.12799	3.12799
PA0176-C	Nzerekore_Guinea	4.68272	4.68272	4.68272	4.68272	4.68272	4.68272	4.68272
PA0177-C	Nzerekore_Guinea	4.70244	4.70244	4.70244	4.70244	4.70244	4.70244	4.70244
PA0178-C	Nzerekore_Guinea	4.69852	4.69852	4.69852	4.69852	4.69852	4.69852	4.69852
PA0179-C	Nzerekore_Guinea	4.69067	4.69067	4.69067	4.69067	4.69067	4.69067	4.69067
PA0180-C	Nzerekore_Guinea	4.68074	4.68074	4.68074	4.68074	4.68074	4.68074	4.68074
PA0181-C	Nzerekore_Guinea	4.68868	4.68868	4.68868	4.68868	4.68868	4.68868	4.68868
PA0182-C	Nzerekore_Guinea	4.02868	4.02868	4.02868	4.02868	4.02868	4.02868	4.02868
PA0183-C	Nzerekore_Guinea	4.65032	4.65032	4.65032	4.65032	4.65032	4.65032	4.65032
PA0184-C	Nzerekore_Guinea	4.55089	4.55089	4.55089	4.55089	4.55089	4.55089	4.55089
PA0185-C	Nzerekore_Guinea	4.67673	4.67673	4.67673	4.67673	4.67673	4.67673	4.67673
PA0186-C	Nzerekore_Guinea	4.68272	4.68272	4.68272	4.68272	4.68272	4.68272	4.68272
PA0187-C	Nzerekore_Guinea	4.69657	4.69657	4.69657	4.69657	4.69657	4.69657	4.69657
PA0188-C	Nzerekore_Guinea	4.39106	4.39106	4.39106	4.39106	4.39106	4.39106	4.39106
PA0189-C	Nzerekore_Guinea	4.70632	4.70632	4.70632	4.70632	4.70632	4.70632	4.70632
PA0191-C	Nzerekore_Guinea	4.69657	4.69657	4.69657	4.69657	4.69657	4.69657	4.69657
PA0192-C	Nzerekore_Guinea	2.93066	2.93066	2.93066	2.93066	2.93066	2.93066	2.93066
PA0193-C	Nzerekore_Guinea	4.67871	4.67871	4.67871	4.67871	4.67871	4.67871	4.67871
PA0195-C	Nzerekore_Guinea	4.68669	4.68669	4.68669	4.68669	4.68669	4.68669	4.68669
PA0196-C	Nzerekore_Guinea	4.6847	4.6847	4.6847	4.6847	4.6847	4.6847	4.6847
PA0197-C	Nzerekore_Guinea	4.68868	4.68868	4.68868	4.68868	4.68868	4.68868	4.68868
PA0198-C	Nzerekore_Guinea	4.4043	4.4043	4.4043	4.4043	4.4043	4.4043	4.4043
PA0199-C	Nzerekore_Guinea	4.69657	4.69657	4.69657	4.69657	4.69657	4.69657	4.69657
PA0200-C	Nzerekore_Guinea	4.6847	4.6847	4.6847	4.6847	4.6847	4.6847	4.6847
PA0201-C	Nzerekore_Guinea	4.64623	4.64623	4.64623	4.64623	4.64623	4.64623	4.64623
PA0202-C	Nzerekore_Guinea	4.68669	4.68669	4.68669	4.68669	4.68669	4.68669	4.68669
PA0203-C	Nzerekore_Guinea	4.68074	4.68074	4.68074	4.68074	4.68074	4.68074	4.68074
PA0204-C	Nzerekore_Guinea	4.68074	4.68074	4.68074	4.68074	4.68074	4.68074	4.68074
PA0205-C	Nzerekore_Guinea	4.70048	4.70048	4.70048	4.70048	4.70048	4.70048	4.70048
PA0206-C	Nzerekore_Guinea	4.68074	4.68074	4.68074	4.68074	4.68074	4.68074	4.68074
PA0207-C	Nzerekore_Guinea	4.68868	4.68868	4.68868	4.68868	4.68868	4.68868	4.68868
PA0208-C	Nzerekore_Guinea	4.71214	4.71214	4.71214	4.71214	4.71214	4.71214	4.71214
PA0209-C	Nzerekore_Guinea	4.69262	4.69262	4.69262	4.69262	4.69262	4.69262	4.69262
PA0210-C	Nzerekore_Guinea	4.69067	4.69067	4.69067	4.69067	4.69067	4.69067	4.69067
PA0211-C	Nzerekore_Guinea	4.68868	4.68868	4.68868	4.68868	4.68868	4.68868	4.68868
PA0212-C	Nzerekore_Guinea	4.70441	4.70441	4.70441	4.70441	4.70441	4.70441	4.70441
PA0213-C	Nzerekore_Guinea	4.68868	4.68868	4.68868	4.68868	4.68868	4.68868	4.68868
PA0214-C	Nzerekore_Guinea	4.69067	4.69067	4.69067	4.69067	4.69067	4.69067	4.69067
PA0215-C	Nzerekore_Guinea	4.35853	4.35853	4.35853	4.35853	4.35853	4.35853	4.35853
PA0216-C	Nzerekore_Guinea	4.70632	4.70632	4.70632	4.70632	4.70632	4.70632	4.70632
PA0217-C	Nzerekore_Guinea	4.67871	4.67871	4.67871	4.67871	4.67871	4.67871	4.67871
PA0218-C	Nzerekore_Guinea	4.50915	4.50915	4.50915	4.50915	4.50915	4.50915	4.50915
PA0219-C	Nzerekore_Guinea	4.68868	4.68868	4.68868	4.68868	4.68868	4.68868	4.68868
PA0220-C	Nzerekore_Guinea	4.54635	4.54635	4.54635	4.54635	4.54635	4.54635	4.54635
PA0221-C	Nzerekore_Guinea	4.68074	4.68074	4.68074	4.68074	4.68074	4.68074	4.68074
PA0222-C	Nzerekore_Guinea	4.66261	4.66261	4.66261	4.66261	4.66261	4.66261	4.66261
PA0223-C	Nzerekore_Guinea	4.67871	4.67871	4.67871	4.67871	4.67871	4.67871	4.67871
PA0224-C	Nzerekore_Guinea	4.6847	4.6847	4.6847	4.6847	4.6847	4.6847	4.6847
PA0225-C	Nzerekore_Guinea	4.6847	4.6847	4.6847	4.6847	4.6847	4.6847	4.6847
PA0226-C	Nzerekore_Guinea	2.07865	2.07865	2.07865	2.07865	2.07865	2.07865	2.07865
PA0227-C	Nzerekore_Guinea	4.69262	4.69262	4.69262	4.69262	4.69262	4.69262	4.69262
PA0228-C	Nzerekore_Guinea	4.70441	4.74824	4.91145	4.91145	4.92869	4.92869	4.92869
PA0229-C	Nzerekore_Guinea	4.68669	4.68669	4.68669	4.68669	4.68669	4.68669	4.68669
PA0230-C	Nzerekore_Guinea	4.44047	4.44047	4.44047	4.44047	4.44047	4.44047	4.44047
PA0231-C	Nzerekore_Guinea	4.66666	4.66666	4.66666	4.66666	4.66666	4.66666	4.66666
PA0232-C	Nzerekore_Guinea	4.33908	4.33908	4.33908	4.33908	4.33908	4.33908	4.33908
PA0233-C	Nzerekore_Guinea	3.81131	3.81131	3.81131	3.81131	3.81131	3.81131	3.81131
PA0234-C	Nzerekore_Guinea	3.96136	3.96136	3.96136	3.96136	3.96136	3.96136	3.96136
PA0235-C	Nzerekore_Guinea	0.721383	0	0.815543	0	0	0.815543	0.815543
PA0237-C	Nzerekore_Guinea	4.69462	4.69462	4.69462	4.69462	4.69462	4.69462	4.69462
PA0238-C	Nzerekore_Guinea	2.52602	2.52602	2.52602	2.52602	2.52602	2.52602	2.52602
PA0239-C	Nzerekore_Guinea	3.98962	3.98962	3.98962	3.98962	3.98962	3.98962	3.98962
PA0240-C	Nzerekore_Guinea	2.41719	2.41719	2.41719	2.41719	2.41719	2.41719	2.41719
PA0242-C	Nzerekore_Guinea	2.18063	2.15608	2.25086	2.22799	2.27322	2.27322	2.27322
PA0243-C	Nzerekore_Guinea	3.8208	3.8208	3.8208	3.8208	3.8208	3.8208	3.8208
PA0245-C	Nzerekore_Guinea	4.68669	4.68669	4.68669	4.68669	4.68669	4.68669	4.68669
PA0246-C	Nzerekore_Guinea	3.55188	3.55188	3.55188	3.55188	3.55188	3.55188	3.55188
PA0247-C	Nzerekore_Guinea	0.507864	0	0.619103	0	0	0.387343	0.387343
PA0248-C	Nzerekore_Guinea	0.721383	0	0.619103	0	0	0.721385	0.721385
PA0249-C	Nzerekore_Guinea	3.42017	3.42017	3.42017	3.42017	3.42017	3.42017	3.42017
PA0250-C	Nzerekore_Guinea	0.507864	0	0.619103	0	0	0.387343	0.387343
PA0251-C	Nzerekore_Guinea	2.47308	2.47308	2.47308	2.47308	2.47308	2.47308	2.47308
PA0253-C	Nzerekore_Guinea	3.53321	3.53321	3.53321	3.53321	3.53321	3.53321	3.53321
PA0254-C	Nzerekore_Guinea	4.02868	4.02868	4.02868	4.02868	4.02868	4.02868	4.02868
PA0255-C	Nzerekore_Guinea	2.68469	2.68469	2.68469	2.68469	2.68469	2.68469	2.68469
PA0256-C	Nzerekore_Guinea	4.69657	4.69657	4.69657	4.69657	4.69657	4.69657	4.69657
PA0257-C	Nzerekore_Guinea	3.14666	3.14666	3.14666	3.14666	3.14666	3.14666	3.14666
PA0258-C	Nzerekore_Guinea	2.49104	2.49104	2.59253	2.59253	2.47308	2.47308	2.47308
PA0259-C	Nzerekore_Guinea	0.259002	0	0.259002	0	0	0	0
PA0260-C	Nzerekore_Guinea	3.3086	3.3086	3.3086	3.3086	3.3086	3.3086	3.3086
PA0261-C	Nzerekore_Guinea	2.33746	2.33746	2.33746	2.33746	2.33746	2.33746	2.33746
PA0262-C	Nzerekore_Guinea	3.62331	3.62331	3.62331	3.62331	3.62331	3.62331	3.62331
PA0263-C	Nzerekore_Guinea	3.60593	3.60593	3.60593	3.60593	3.60593	3.60593	3.60593
PA0266-C	Nzerekore_Guinea	3.01852	3.01852	3.01852	3.01852	3.01852	3.01852	3.01852
PA0267-C	Nzerekore_Guinea	2.29509	2.29509	2.29509	2.29509	2.29509	2.29509	2.29509
PA0268-C	Nzerekore_Guinea	2.15608	2.15608	2.29509	2.29509	2.29509	2.29509	2.29509
PA0269-C	Nzerekore_Guinea	3.60593	3.64605	3.83484	3.83484	3.83018	3.83018	3.83018
PA0270-C	Nzerekore_Guinea	3.36221	3.36221	3.36221	3.36221	3.36221	3.36221	3.36221
PA0272-C	Nzerekore_Guinea	0.902503	0	0.902503	0	0	0.983128	0.983128
PA0273-C	Nzerekore_Guinea	1.36975	1.47222	1.56539	1.56539	1.56539	1.56539	1.56539
PA0280-CW	Faranah_Guinea	4.69262	4.69262	4.69262	4.69262	4.69262	4.69262	4.69262
PA0281-CW	Faranah_Guinea	2.96452	2.96452	2.96452	2.96452	2.96452	2.96452	2.96452
PA0283-CW	Faranah_Guinea	3.406	3.406	3.406	3.406	3.406	3.406	3.406
PA0284-CW	Faranah_Guinea	2.83435	2.83435	2.83435	2.83435	2.83435	2.83435	2.83435
PA0285-CW	Faranah_Guinea	3.69536	3.70599	3.84869	4.604	4.604	4.604	4.604
PA0288-CW	Faranah_Guinea	4.69067	4.69067	4.69067	4.69067	4.69067	4.69067	4.69067
PA0289-C	Faranah_Guinea	3.36221	3.36221	3.36221	3.36221	3.36221	3.36221	3.36221
PA0289-CW	Faranah_Guinea	3.14666	3.14666	3.14666	3.14666	3.14666	3.14666	3.14666
PA0290-C	Faranah_Guinea	4.70632	4.70632	4.70632	4.70632	4.70632	4.70632	4.70632
PA0291-CW	Faranah_Guinea	2.76907	2.76907	2.76907	2.76907	2.76907	2.76907	2.76907
PA0292-CW	Faranah_Guinea	2.84691	2.84691	2.84691	2.84691	2.84691	2.84691	2.84691
PA0293-CW	Faranah_Guinea	4.27827	4.27827	4.27827	4.27827	4.27827	4.27827	4.27827
PA0294-CW	Faranah_Guinea	3.29273	3.29273	3.29273	3.29273	3.29273	3.29273	3.29273
PA0295-CW	Faranah_Guinea	2.87156	2.87156	2.87156	2.87156	2.87156	2.87156	2.87156
PA0297-CW	Faranah_Guinea	2.78248	2.78248	2.78248	2.78248	2.78248	2.78248	2.78248
PA0298-C	Faranah_Guinea	4.55089	4.55089	4.55089	4.55089	4.55089	4.55089	4.55089
PA0299-CW	Faranah_Guinea	3.50126	3.50126	3.50126	3.50126	3.50126	3.50126	3.50126
PA0300-C	Faranah_Guinea	4.43286	4.43286	4.43286	4.43286	4.43286	4.43286	4.43286
PA0302-C	Faranah_Guinea	4.69262	4.69262	4.69262	4.69262	4.69262	4.69262	4.69262
PA0303-CW	Faranah_Guinea	2.76907	2.76907	2.76907	2.76907	2.76907	2.76907	2.76907
PA0305-CW	Faranah_Guinea	2.90744	2.90744	2.90744	2.90744	2.90744	2.90744	2.90744
PA0306-CW	Faranah_Guinea	2.89562	2.89562	2.89562	2.89562	2.89562	2.89562	2.89562
PA0307-CW	Faranah_Guinea	2.82163	2.82163	2.82163	2.82163	2.82163	2.82163	2.82163
PA0312-CW	Faranah_Guinea	2.87156	2.87156	2.87156	2.87156	2.87156	2.87156	2.87156
PA0313-CW	Faranah_Guinea	3.66274	3.66274	3.66274	3.66274	3.66274	3.66274	3.66274
PA0318-CW	Faranah_Guinea	2.99728	2.99728	2.99728	2.99728	2.99728	2.99728	2.99728
PA0320-C	Faranah_Guinea	1.19409	1.25599	1.42226	1.47222	1.36975	1.36975	1.36975
PA0321-CW	Faranah_Guinea	2.93066	2.93066	2.93066	2.93066	2.93066	2.93066	2.93066
PA0325-CW	Faranah_Guinea	2.47308	2.47308	2.47308	2.47308	2.47308	2.47308	2.47308
PA0327-CW	Faranah_Guinea	3.23514	3.23514	3.23514	3.23514	3.23514	3.23514	3.23514
PA0328-CW	Faranah_Guinea	4.69262	4.69262	4.69262	4.69262	4.69262	4.69262	4.69262
PA0329-CW	Faranah_Guinea	2.99728	2.99728	2.99728	2.99728	2.99728	2.99728	2.99728
PA0330-CW	Faranah_Guinea	3.25193	3.25193	3.25193	3.25193	3.25193	3.25193	3.25193
PA0331-CW	Faranah_Guinea	3.14666	3.14666	3.14666	3.14666	3.14666	3.14666	3.14666
PA0332-CW	Faranah_Guinea	2.6242	2.6242	2.6242	2.6242	2.6242	2.6242	2.6242
PA0334-CW	Faranah_Guinea	3.406	3.406	3.406	3.406	3.406	3.406	3.406
PA0335-CW	Faranah_Guinea	4.021	4.021	4.021	4.021	4.021	4.021	4.021
PA0337-C	Faranah_Guinea	4.69067	4.69067	4.69067	4.69067	4.69067	4.69067	4.69067
PA0339-CW	Faranah_Guinea	5.44133	5.5297	5.99944	6.2275	6.2275	6.2275	6.2275
PA0340-CW	Faranah_Guinea	4.22307	4.22307	4.22307	4.22307	4.22307	4.22307	4.22307
PA0341-C	Faranah_Guinea	4.70048	4.70048	4.70048	4.70048	4.70048	4.70048	4.70048
PA0342-CW	Faranah_Guinea	3.26845	3.26845	3.26845	3.26845	3.26845	3.26845	3.26845
PA0343-CW	Faranah_Guinea	4.6847	4.6847	4.6847	4.6847	4.6847	4.6847	4.6847
PA0344-CW	Faranah_Guinea	2.96452	2.96452	2.96452	2.96452	2.96452	2.96452	2.96452
PA0345-CW	Faranah_Guinea	2.63966	2.63966	2.63966	2.63966	2.63966	2.63966	2.63966
PA0346-CW	Faranah_Guinea	2.78248	2.78248	2.78248	2.78248	2.78248	2.78248	2.78248
PA0347-CW	Faranah_Guinea	2.74173	2.74173	2.74173	2.74173	2.74173	2.74173	2.74173
PA0349-C	Faranah_Guinea	4.69657	4.69657	4.69657	4.69657	4.69657	4.69657	4.69657
PA0350-CW	Faranah_Guinea	2.65489	2.65489	2.65489	2.65489	2.65489	2.65489	2.65489
PA0351-CW	Faranah_Guinea	4.69067	4.69067	4.69067	4.69067	4.69067	4.69067	4.69067
PA0353-CW	Faranah_Guinea	4.46308	4.46308	4.46308	4.46308	4.46308	4.46308	4.46308
PA0354-CW	Faranah_Guinea	3.93646	3.93646	3.93646	3.93646	3.93646	3.93646	3.93646
PA0356-CW	Faranah_Guinea	3.83484	3.83484	3.83484	3.83484	3.83484	3.83484	3.83484
PA0357-CW	Faranah_Guinea	2.97556	2.97556	2.97556	2.97556	2.97556	2.97556	2.97556
PA0358-CW	Faranah_Guinea	1.42226	1.42226	1.51986	1.42226	1.31443	1.31443	1.31443
PA0363-CW	Faranah_Guinea	2.79569	2.79569	2.79569	2.79569	2.79569	2.79569	2.79569
PA0364-CW	Faranah_Guinea	4.10607	4.10607	4.10607	4.10607	4.10607	4.10607	4.10607
PA0369-CW	Faranah_Guinea	3.57626	3.57626	3.57626	3.57626	3.57626	3.57626	3.57626
PA0370-C	Basse_Gambia	4.68868	4.68868	4.68868	4.68868	4.68868	4.68868	4.68868
PA0371-C	Basse_Gambia	4.69067	4.69067	4.69067	4.69067	4.69067	4.69067	4.69067
PA0372-C	Basse_Gambia	4.69262	4.69262	4.69262	4.69262	4.69262	4.69262	4.69262
PA0373-C	Basse_Gambia	4.57116	4.57116	4.57116	4.57116	4.57116	4.57116	4.57116
PA0374-C	Basse_Gambia	4.68669	4.68669	4.68669	4.68669	4.68669	4.68669	4.68669
PA0375-C	Basse_Gambia	4.69067	4.69067	4.69067	4.69067	4.69067	4.69067	4.69067
PA0376-C	Basse_Gambia	4.6847	4.6847	4.6847	4.6847	4.6847	4.6847	4.6847
PA0377-C	Basse_Gambia	4.68669	4.68669	4.68669	4.68669	4.68669	4.68669	4.68669
PA0378-C	Basse_Gambia	4.69262	4.69262	4.69262	4.69262	4.69262	4.69262	4.69262
PA0379-C	Basse_Gambia	4.68669	4.68669	4.68669	4.68669	4.68669	4.68669	4.68669
PA0382-C	Basse_Gambia	4.68868	4.68868	4.68868	4.68868	4.68868	4.68868	4.68868
PA0383-C	Basse_Gambia	4.26019	4.26019	4.26019	4.26019	4.26019	4.26019	4.26019
PA0384-C	Basse_Gambia	4.69262	4.69262	4.69262	4.69262	4.69262	4.69262	4.69262
PA0386-C	Basse_Gambia	0.721383	0	0.721385	0	0	0.721385	0.721385
PA0387-C	Basse_Gambia	4.69067	4.69067	4.69067	4.69067	4.69067	4.69067	4.69067
PA0388-C	Basse_Gambia	4.69852	4.69852	4.69852	4.69852	4.69852	4.69852	4.69852
PA0389-C	Basse_Gambia	4.69462	4.69462	4.69462	4.69462	4.69462	4.69462	4.69462
PA0391-C	Basse_Gambia	4.68669	4.68669	4.68669	4.68669	4.68669	4.68669	4.68669
PA0392-C	Basse_Gambia	4.68868	4.68868	4.68868	4.68868	4.68868	4.68868	4.68868
PA0393-C	Basse_Gambia	4.69262	4.69262	4.69262	4.69262	4.69262	4.69262	4.69262
PA0394-C	Basse_Gambia	4.69067	4.69067	4.69067	4.69067	4.69067	4.69067	4.69067
PA0395-C	Basse_Gambia	4.68669	4.68669	4.68669	4.68669	4.68669	4.68669	4.68669
PA0396-C	Basse_Gambia	4.6847	4.6847	4.6847	4.6847	4.6847	4.6847	4.6847
PA0397-C	Basse_Gambia	4.6847	4.6847	4.6847	4.6847	4.6847	4.6847	4.6847
PA0398-C	Basse_Gambia	4.69852	4.69852	4.69852	4.69852	4.69852	4.69852	4.69852
PA0399-C	Basse_Gambia	4.68669	4.68669	4.68669	4.68669	4.68669	4.68669	4.68669
PA0400-C	Basse_Gambia	4.12015	4.12015	4.12015	4.12015	4.12015	4.12015	4.12015
PA0401-C	Basse_Gambia	4.24178	4.24178	4.24178	4.24178	4.24178	4.24178	4.24178
PA0402-C	Basse_Gambia	4.68669	4.68669	4.68669	4.68669	4.68669	4.68669	4.68669
PA0403-C	Basse_Gambia	3.406	3.406	3.406	3.406	3.406	3.406	3.406
PA0404-C	Basse_Gambia	4.52789	4.52789	4.52789	4.52789	4.52789	4.52789	4.52789
PA0405-C	Basse_Gambia	4.68669	4.68669	4.68669	4.68669	4.68669	4.68669	4.68669
PA0406-C	Basse_Gambia	4.6847	4.6847	4.6847	4.6847	4.6847	4.6847	4.6847
PA0407-C	Basse_Gambia	4.68669	4.68669	4.68669	4.68669	4.68669	4.68669	4.68669
PA0409-C	Basse_Gambia	4.69262	4.69262	4.69262	4.69262	4.69262	4.69262	4.69262
PA0410-C	Basse_Gambia	3.39162	3.39162	3.39162	3.39162	3.39162	3.39162	3.39162
PA0411-C	Basse_Gambia	4.57779	4.57779	4.57779	4.57779	4.57779	4.57779	4.57779
PA0413-C	Basse_Gambia	4.68669	4.68669	4.68669	4.68669	4.68669	4.68669	4.68669
PA0414-C	Basse_Gambia	4.69067	4.69067	4.69067	4.69067	4.69067	4.69067	4.69067
PA0417-C	Basse_Gambia	4.68868	4.68868	4.68868	4.68868	4.68868	4.68868	4.68868
PA0419-C	Basse_Gambia	4.69262	4.69262	4.69262	4.69262	4.69262	4.69262	4.69262
PA0423-C	Basse_Gambia	4.11315	4.11315	4.11315	4.11315	4.11315	4.11315	4.11315
PA0424-C	Basse_Gambia	4.4043	4.4043	4.4043	4.4043	4.4043	4.4043	4.4043
PA0425-C	Basse_Gambia	4.6847	4.6847	4.6847	4.6847	4.6847	4.6847	4.6847
PA0431-C	Basse_Gambia	4.31057	4.31057	4.31057	4.31057	4.31057	4.31057	4.31057
PA0439-C	Brikama_Gambia	4.28422	4.28422	4.28422	4.28422	4.28422	4.28422	4.28422
PA0440-C	Brikama_Gambia	4.54635	4.54635	4.54635	4.54635	4.54635	4.54635	4.54635
PA0441-C	Brikama_Gambia	4.69262	4.69262	4.69262	4.69262	4.69262	4.69262	4.69262
PA0443-C	Brikama_Gambia	4.69262	4.69262	4.69262	4.69262	4.69262	4.69262	4.69262
PA0444-C	Brikama_Gambia	4.69262	4.69262	4.69262	4.69262	4.69262	4.69262	4.69262
PA0445-C	Brikama_Gambia	4.69067	4.69067	4.69067	4.69067	4.69067	4.69067	4.69067
PA0447-C	Brikama_Gambia	4.68669	4.68669	4.68669	4.68669	4.68669	4.68669	4.68669
PA0449-C	Brikama_Gambia	4.48031	4.48031	4.48031	4.48031	4.48031	4.48031	4.48031
PA0450-C	Brikama_Gambia	3.89791	3.89791	3.89791	3.89791	3.89791	3.89791	3.89791
PA0453-C	Brikama_Gambia	3.97761	3.97761	3.97761	3.97761	3.97761	3.97761	3.97761
PA0454-C	Brikama_Gambia	4.69462	4.69462	4.69462	4.69462	4.69462	4.69462	4.69462
PA0455-C	Brikama_Gambia	4.69067	4.69067	4.69067	4.69067	4.69067	4.69067	4.69067
PA0456-C	Brikama_Gambia	4.69657	4.69657	4.69657	4.69657	4.69657	4.69657	4.69657
PA0457-C	Brikama_Gambia	4.6847	4.6847	4.6847	4.6847	4.6847	4.6847	4.6847
PA0458-C	Brikama_Gambia	4.69462	4.69462	4.69462	4.69462	4.69462	4.69462	4.69462
PA0459-C	Brikama_Gambia	4.6847	4.6847	4.6847	4.6847	4.6847	4.6847	4.6847
PA0460-C	Brikama_Gambia	4.69067	4.69067	4.69067	4.69067	4.69067	4.69067	4.69067
PA0461-C	Brikama_Gambia	4.68669	4.68669	4.68669	4.68669	4.68669	4.68669	4.68669
PA0462-C	Brikama_Gambia	4.69262	4.69262	4.69262	4.69262	4.69262	4.69262	4.69262
PA0464-C	Brikama_Gambia	4.68669	4.68669	4.68669	4.68669	4.68669	4.68669	4.68669
PA0467-C	Brikama_Gambia	3.98962	3.98962	3.98962	3.98962	3.98962	3.98962	3.98962
PA0468-C	Brikama_Gambia	4.69067	4.69067	4.69067	4.69067	4.69067	4.69067	4.69067
PA0469-C	Brikama_Gambia	4.69067	4.69067	4.69067	4.69067	4.69067	4.69067	4.69067
PA0470-C	Brikama_Gambia	4.69067	4.69067	4.69067	4.69067	4.69067	4.69067	4.69067
PA0471-C	Brikama_Gambia	4.68868	4.68868	4.68868	4.68868	4.68868	4.68868	4.68868
PA0472-C	Brikama_Gambia	3.83484	3.83484	3.83484	3.83484	3.83484	3.83484	3.83484
PA0473-C	Brikama_Gambia	4.6847	4.6847	4.6847	4.6847	4.6847	4.6847	4.6847
PA0474-C	Brikama_Gambia	4.69462	4.69462	4.69462	4.69462	4.69462	4.69462	4.69462
PA0477-C	Brikama_Gambia	1.36975	1.19409	1.42226	1.42226	1.47222	1.47222	1.47222
PA0478-C	Brikama_Gambia	4.68669	4.68669	4.68669	4.68669	4.68669	4.68669	4.68669
PA0479-C	Brikama_Gambia	4.69067	4.69067	4.69067	4.69067	4.69067	4.69067	4.69067
PA0480-C	Brikama_Gambia	4.69262	4.69262	4.69262	4.69262	4.69262	4.69262	4.69262
PA0482-C	Brikama_Gambia	4.47293	4.47293	4.47293	4.47293	4.47293	4.47293	4.47293
PA0484-C	Brikama_Gambia	4.69262	4.69262	4.69262	4.69262	4.69262	4.69262	4.69262
PA0486-C	Brikama_Gambia	4.68868	4.68868	4.68868	4.68868	4.68868	4.68868	4.68868
PA0488-C	Brikama_Gambia	4.68868	4.68868	4.68868	4.68868	4.68868	4.68868	4.68868
PA0490-C	Brikama_Gambia	4.69067	4.69067	4.69067	4.69067	4.69067	4.69067	4.69067
PA0491-C	Brikama_Gambia	4.68868	4.68868	4.68868	4.68868	4.68868	4.68868	4.68868
PA0494-C	Brikama_Gambia	4.69462	4.69462	4.69462	4.69462	4.69462	4.69462	4.69462
PA0496-C	Brikama_Gambia	4.69462	4.69462	4.69462	4.69462	4.69462	4.69462	4.69462
PA0497-C	Brikama_Gambia	4.68868	4.68868	4.68868	4.68868	4.68868	4.68868	4.68868
PA0500-C	Brikama_Gambia	4.70048	4.70048	4.70048	4.70048	4.70048	4.70048	4.70048
PA0502-C	Brikama_Gambia	4.68868	4.68868	4.68868	4.68868	4.68868	4.68868	4.68868
PA0505-C	Brikama_Gambia	4.68868	4.68868	4.68868	4.68868	4.68868	4.68868	4.68868
PA0506-C	Basse_Gambia	4.70244	4.70244	4.70244	4.70244	4.70244	4.70244	4.70244
PA0507-C	Basse_Gambia	4.69462	4.69462	4.69462	4.69462	4.69462	4.69462	4.69462
PA0512-C	Basse_Gambia	2.93066	2.93066	2.93066	2.93066	2.93066	2.93066	2.93066
PA0513-C	Basse_Gambia	4.69262	4.69262	4.69262	4.69262	4.69262	4.69262	4.69262
PA0516-C	Basse_Gambia	4.33625	4.33625	4.33625	4.33625	4.33625	4.33625	4.33625
PA0519-C	Basse_Gambia	2.18063	2.18063	2.18063	2.18063	2.18063	2.18063	2.18063
PA0520-C	Basse_Gambia	4.69262	4.69262	4.69262	4.69262	4.69262	4.69262	4.69262
PA0521-C	Basse_Gambia	4.6847	4.6847	4.6847	4.6847	4.6847	4.6847	4.6847
PA0522-C	Basse_Gambia	4.69067	4.69067	4.69067	4.69067	4.69067	4.69067	4.69067
PA0524-C	Basse_Gambia	4.69262	4.69262	4.69262	4.69262	4.69262	4.69262	4.69262
PA0532-C	Basse_Gambia	3.61757	3.61757	3.61757	3.61757	3.61757	3.61757	3.61757
PA0534-C	Basse_Gambia	4.68669	4.68669	4.68669	4.68669	4.68669	4.68669	4.68669
PA0537-C	Basse_Gambia	4.41479	4.41479	4.41479	4.41479	4.41479	4.41479	4.41479
PA0540-C	Basse_Gambia	4.69067	4.69067	4.69067	4.69067	4.69067	4.69067	4.69067
PA0541-C	Basse_Gambia	4.69657	4.69657	4.69657	4.69657	4.69657	4.69657	4.69657
PA0542-C	Basse_Gambia	4.69262	4.69262	4.69262	4.69262	4.69262	4.69262	4.69262
PA0544-C	Basse_Gambia	4.69657	4.69657	4.69657	4.69657	4.69657	4.69657	4.69657
PA0550-C	Basse_Gambia	4.68868	4.68868	4.68868	4.68868	4.68868	4.68868	4.68868
PA0551-C	Basse_Gambia	4.69262	4.69262	4.69262	4.69262	4.69262	4.69262	4.69262
PA0554-C	Basse_Gambia	4.70048	4.70048	4.70048	4.70048	4.70048	4.70048	4.70048
PA0558-C	Basse_Gambia	4.68669	4.68669	4.68669	4.68669	4.68669	4.68669	4.68669
PA0561-C	Basse_Gambia	4.68669	4.68669	4.68669	4.68669	4.68669	4.68669	4.68669
PA0562-C	Basse_Gambia	4.70048	4.70048	4.70048	4.70048	4.70048	4.70048	4.70048
PA0563-C	Basse_Gambia	4.68868	4.68868	4.68868	4.68868	4.68868	4.68868	4.68868
PA0564-C	Basse_Gambia	4.69262	4.69262	4.69262	4.69262	4.69262	4.69262	4.69262
PA0572-C	Basse_Gambia	4.47293	4.47293	4.47293	4.47293	4.47293	4.47293	4.47293
PA0575-C	Basse_Gambia	4.69262	4.69262	4.69262	4.69262	4.69262	4.69262	4.69262
PA0576-C	Basse_Gambia	4.69657	4.69657	4.69657	4.69657	4.69657	4.69657	4.69657
PA0577-C	Basse_Gambia	4.68868	4.68868	4.68868	4.68868	4.68868	4.68868	4.68868
PA0582-C	Basse_Gambia	0.259002	0	0.259002	0	0	0.387343	0.387343
PA0585-C	Basse_Gambia	1.90326	1.90326	2.13093	2.13093	2.13093	2.13093	2.13093
PA0586-C	Basse_Gambia	3.8803	3.8803	3.8803	3.8803	3.8803	3.8803	3.8803
PA0593-C	Basse_Gambia	0.507864	0	0.387343	0	0	0.387343	0.387343
PA0594-C	Basse_Gambia	0.387343	0	0.259002	0	0	0.259002	0.259002
PA0597-C	Basse_Gambia	4.65647	4.65647	4.65647	4.65647	4.65647	4.65647	4.65647
PA0599-C	Basse_Gambia	4.68074	4.68074	4.68074	4.68074	4.68074	4.68074	4.68074
PA0600-C	Basse_Gambia	1.25599	1.25599	1.19409	1.25599	1.31443	1.31443	1.31443
PA0603-C	Basse_Gambia	2.18063	2.18063	2.18063	2.18063	2.18063	2.18063	2.18063
PA0604-C	Basse_Gambia	4.24796	4.24796	4.24796	4.24796	4.24796	4.24796	4.24796
PA0605-C	Basse_Gambia	3.83948	3.83948	3.83948	3.83948	3.83948	3.83948	3.83948
PA0606-C	Basse_Gambia	2.45479	2.45479	2.45479	2.45479	2.45479	2.45479	2.45479
PA0610-C	Basse_Gambia	4.69462	4.69462	4.69462	4.69462	4.69462	4.69462	4.69462
PA0611-C	Basse_Gambia	2.22799	2.22799	2.22799	2.22799	2.22799	2.22799	2.22799
PA0612-C	Basse_Gambia	2.83435	2.83435	2.83435	2.83435	2.83435	2.83435	2.83435
PA0613-C	Basse_Gambia	1.80264	1.90326	2.05145	1.96517	1.96517	1.96517	1.96517
PA0615-C	Basse_Gambia	1.19409	1.19409	1.19409	1.19409	1.47222	1.47222	1.47222
PA0617-C	Basse_Gambia	3.26845	3.26845	3.26845	3.26845	3.26845	3.26845	3.26845
PA0618-C	Basse_Gambia	4.69262	4.69262	4.69262	4.69262	4.69262	4.69262	4.69262
PA0619-C	Basse_Gambia	4.69067	4.69067	4.69067	4.69067	4.69067	4.69067	4.69067
PA0620-C	Basse_Gambia	4.68868	4.68868	4.68868	4.68868	4.68868	4.68868	4.68868
PA0621-C	Basse_Gambia	3.52056	3.52056	3.52056	3.52056	3.52056	3.52056	3.52056
PA0622-C	Basse_Gambia	4.68669	4.68669	4.68669	4.68669	4.68669	4.68669	4.68669
PA0623-C	Basse_Gambia	2.33746	2.33746	2.33746	2.33746	2.33746	2.33746	2.33746
PA0625-C	Basse_Gambia	4.69067	4.69067	4.69067	4.69067	4.69067	4.69067	4.69067
PA0626-C	Basse_Gambia	4.69262	4.69262	4.69262	4.69262	4.69262	4.69262	4.69262
PA0627-C	Basse_Gambia	4.68669	4.68669	4.68669	4.68669	4.68669	4.68669	4.68669
PA0628-C	Basse_Gambia	4.68669	4.68669	4.68669	4.68669	4.68669	4.68669	4.68669
PA0629-C	Basse_Gambia	4.68669	4.68669	4.68669	4.68669	4.68669	4.68669	4.68669
PA0630-C	Basse_Gambia	4.69852	4.69852	4.69852	4.69852	4.69852	4.69852	4.69852
PA0631-C	Basse_Gambia	4.69462	4.69462	4.69462	4.69462	4.69462	4.69462	4.69462
PA0633-C	Basse_Gambia	4.6847	4.6847	4.6847	4.6847	4.6847	4.6847	4.6847
PA0634-C	Basse_Gambia	2.50868	2.50868	2.50868	2.50868	2.50868	2.50868	2.50868
PA0635-C	Basse_Gambia	0.259002	0	0.259002	0	0	0.387343	0.387343
PA0636-C	Basse_Gambia	4.69462	4.69462	4.69462	4.69462	4.69462	4.69462	4.69462
PA0637-C	Basse_Gambia	4.4827	4.4827	4.4827	4.4827	4.4827	4.4827	4.4827
PA0638-C	Basse_Gambia	4.69262	4.69262	4.69262	4.69262	4.69262	4.69262	4.69262
PA0639-C	Basse_Gambia	4.70048	4.70048	4.70048	4.70048	4.70048	4.70048	4.70048
PA0640-C	Basse_Gambia	0.619103	0	0.619103	0	0	0.721383	0.721385
PA0641-C	Basse_Gambia	4.69462	4.69462	4.69462	4.69462	4.69462	4.69462	4.69462
PA0642-C	Basse_Gambia	4.69067	4.69067	4.69067	4.69067	4.69067	4.69067	4.69067
PA0643-C	Basse_Gambia	3.48159	3.48159	3.48159	3.48159	3.48159	3.48159	3.48159
PA0644-C	Basse_Gambia	2.10513	2.10513	2.18063	2.18063	2.18063	2.18063	2.18063
PA0645-C	Basse_Gambia	3.06977	3.06977	3.06977	3.06977	3.06977	3.06977	3.06977
PA0648-C	Basse_Gambia	1.65077	1.80264	1.90326	1.90326	1.90326	1.90326	1.90326
PA0649-C	Basse_Gambia	4.68669	4.68669	4.68669	4.68669	4.68669	4.68669	4.68669
PA0651-C	Basse_Gambia	2.10513	2.10513	2.10513	2.10513	2.10513	2.10513	2.10513
PA0653-C	Basse_Gambia	2.57631	2.57631	2.57631	2.57631	2.57631	2.57631	2.57631
PA0654-C	Basse_Gambia	2.20459	2.20459	2.20459	2.20459	2.20459	2.20459	2.20459
PA0655-C	Basse_Gambia	4.6847	4.6847	4.6847	4.6847	4.6847	4.6847	4.6847
PA0699-CW	Njaiyel_Gambia	1.47222	1.47222	1.60897	1.60897	1.72954	1.72954	1.72954
PA0870-CW	Madina-Samako_Gambia	0.259002	0	0.259002	0	0	0.259002	0.259002
PC0001-C	Kilifi_Kenya	4.6211	4.6211	4.6211	4.6211	4.6211	4.6211	4.6211
PC0002-C	Lab_Lab	4.2872	4.2872	4.2872	4.2872	4.2872	4.2872	4.2872
PC0003-01	Kilifi_Kenya	3.86687	3.86687	3.86687	3.86687	3.86687	3.86687	3.86687
PC0003-02	Kilifi_Kenya	4.55089	4.55089	4.55089	4.55089	4.55089	4.55089	4.55089
PC0004-01	Kilifi_Kenya	3.22664	3.22664	3.22664	3.22664	3.22664	3.22664	3.22664
PC0004-02	Kilifi_Kenya	3.55188	3.55188	3.55188	3.55188	3.55188	3.55188	3.55188
PC0005-Cx	Kilifi_Kenya	4.69067	4.69067	4.69067	4.69067	4.69067	4.69067	4.69067
PC0007-C	Kilifi_Kenya	4.13749	4.13749	4.13749	4.13749	4.13749	4.13749	4.13749
PC0008-01	Kilifi_Kenya	4.50915	4.50915	4.50915	4.50915	4.50915	4.50915	4.50915
PC0008-02	Kilifi_Kenya	4.49481	4.49481	4.49481	4.49481	4.49481	4.49481	4.49481
PC0009-C	Kilifi_Kenya	4.69462	4.69462	4.69462	4.69462	4.69462	4.69462	4.69462
PC0011-C	Kilifi_Kenya	3.72693	3.72693	3.72693	3.72693	3.72693	3.72693	3.72693
PC0012-01	Kilifi_Kenya	4.68669	4.68669	4.68669	4.68669	4.68669	4.68669	4.68669
PC0012-C	Kilifi_Kenya	4.56889	4.56889	4.56889	4.56889	4.56889	4.56889	4.56889
PC0013-C	Kilifi_Kenya	2.69925	2.69925	2.69925	2.69925	2.69925	2.69925	2.69925
PC0016-C	Kilifi_Kenya	4.06258	4.06258	4.06258	4.06258	4.06258	4.06258	4.06258
PC0019-C	Kilifi_Kenya	4.69262	4.69262	4.69262	4.69262	4.69262	4.69262	4.69262
PC0020-C	Kilifi_Kenya	4.68868	4.68868	4.68868	4.68868	4.68868	4.68868	4.68868
PC0021-C	Kilifi_Kenya	3.30069	3.30069	3.30069	3.30069	3.30069	3.30069	3.30069
PC0023-C	Kilifi_Kenya	4.69657	4.69657	4.69657	4.69657	4.69657	4.69657	4.69657
PC0025-C	Kilifi_Kenya	3.17404	3.17404	3.17404	3.17404	3.17404	3.17404	3.17404
PC0026-C	Kilifi_Kenya	3.85784	3.85784	3.85784	3.85784	3.85784	3.85784	3.85784
PC0030-C	Kilifi_Kenya	4.05515	4.05515	4.05515	4.05515	4.05515	4.05515	4.05515
PC0031-C	Kilifi_Kenya	4.68669	4.68669	4.68669	4.68669	4.68669	4.68669	4.68669
PC0032-C	Kilifi_Kenya	4.23871	4.23871	4.23871	4.23871	4.23871	4.23871	4.23871
PC0033-C	Kilifi_Kenya	3.73209	3.73209	3.73209	3.73209	3.73209	3.73209	3.73209
PC0034-C	Kilifi_Kenya	3.57024	3.57024	3.57024	3.57024	3.57024	3.57024	3.57024
PC0035-C	Kilifi_Kenya	4.55768	4.55768	4.55768	4.55768	4.55768	4.55768	4.55768
PC0037-C	Kilifi_Kenya	4.24178	4.24178	4.24178	4.24178	4.24178	4.24178	4.24178
PC0038-C	Kilifi_Kenya	4.0439	4.0439	4.0439	4.0439	4.0439	4.0439	4.0439
PC0044-C	Kilifi_Kenya	3.30069	3.30069	3.30069	3.30069	3.30069	3.30069	3.30069
PC0046-C	Kilifi_Kenya	4.68669	4.68669	4.68669	4.68669	4.68669	4.68669	4.68669
PC0047-C	Kilifi_Kenya	4.33343	4.33343	4.33343	4.33343	4.33343	4.33343	4.33343
PC0049-C	Kilifi_Kenya	2.50868	2.50868	2.50868	2.50868	2.50868	2.50868	2.50868
PC0051-C	Kilifi_Kenya	3.80655	3.80655	3.80655	3.80655	3.80655	3.80655	3.80655
PC0053-C	Kilifi_Kenya	4.23245	4.23245	4.23245	4.23245	4.23245	4.23245	4.23245
PC0054-C	Kilifi_Kenya	4.68669	4.68669	4.68669	4.68669	4.68669	4.68669	4.68669
PC0056-C	Kilifi_Kenya	4.58662	4.58662	4.58662	4.58662	4.58662	4.58662	4.58662
PC0057-C	Kilifi_Kenya	4.68868	4.68868	4.68868	4.68868	4.68868	4.68868	4.68868
PC0058-C	Kilifi_Kenya	4.6847	4.6847	4.6847	4.6847	4.6847	4.6847	4.6847
PC0059-C	Kilifi_Kenya	3.11851	3.11851	3.11851	3.11851	3.11851	3.11851	3.11851
PC0061-C	Kilifi_Kenya	4.68868	4.68868	4.68868	4.68868	4.68868	4.68868	4.68868
PC0063-C	Kilifi_Kenya	3.95725	3.95725	3.95725	3.95725	3.95725	3.95725	3.95725
PC0064-C	Kilifi_Kenya	3.60593	3.60593	3.60593	3.60593	3.60593	3.60593	3.60593
PC0065-C	Kilifi_Kenya	2.88366	2.88366	2.88366	2.88366	2.88366	2.88366	2.88366
PC0066-C	Kilifi_Kenya	4.27228	4.27228	4.27228	4.27228	4.27228	4.27228	4.27228
PC0067-C	Kilifi_Kenya	3.7921	3.7921	3.7921	3.7921	3.7921	3.7921	3.7921
PC0068-C	Kilifi_Kenya	3.85328	3.85328	3.85328	3.85328	3.85328	3.85328	3.85328
PC0069-C	Kilifi_Kenya	4.68669	4.68669	4.68669	4.68669	4.68669	4.68669	4.68669
PC0070-C	Kilifi_Kenya	4.6847	4.6847	4.6847	4.6847	4.6847	4.6847	4.6847
PC0071-C	Kilifi_Kenya	4.69067	4.69067	4.69067	4.69067	4.69067	4.69067	4.69067
PC0073-C	Kilifi_Kenya	4.68669	4.68669	4.68669	4.68669	4.68669	4.68669	4.68669
PC0074-C	Kilifi_Kenya	4.69852	4.69852	4.69852	4.69852	4.69852	4.69852	4.69852
PC0075-C	Kilifi_Kenya	4.69657	4.69657	4.69657	4.69657	4.69657	4.69657	4.69657
PC0077-C	Kilifi_Kenya	4.69067	4.69067	4.69067	4.69067	4.69067	4.69067	4.69067
PC0078-C	Kilifi_Kenya	4.68272	4.68272	4.68272	4.68272	4.68272	4.68272	4.68272
PC0079-C	Kilifi_Kenya	4.69262	4.69262	4.69262	4.69262	4.69262	4.69262	4.69262
PC0080-C	Lab_Lab	4.3857	4.3857	4.3857	4.3857	4.3857	4.3857	4.3857
PC0083-C	Lab_Lab	4.68868	4.68868	4.68868	4.68868	4.68868	4.68868	4.68868
PC0085-C	Kilifi_Kenya	4.71407	4.71407	4.71407	4.71407	4.71407	4.71407	4.71407
PC0086-C	Kilifi_Kenya	2.55983	2.55983	2.55983	2.55983	2.55983	2.55983	2.55983
PC0097-C	Kilifi_Kenya	4.16458	4.16458	4.16458	4.16458	4.16458	4.16458	4.16458
PC0103-C	Kilifi_Kenya	4.69262	4.69262	4.69262	4.69262	4.69262	4.69262	4.69262
PC0104-C	Kilifi_Kenya	4.69852	4.69852	4.69852	4.69852	4.69852	4.69852	4.69852
PC0107-C	Kilifi_Kenya	4.21673	4.21673	4.21673	4.21673	4.21673	4.21673	4.21673
PC0112-C	Kilifi_Kenya	2.25086	2.25086	2.25086	2.25086	2.25086	2.25086	2.25086
PC0113-C	Kilifi_Kenya	4.62953	4.62953	4.62953	4.62953	4.62953	4.62953	4.62953
PC0118-C	Kilifi_Kenya	4.70244	4.70244	4.70244	4.70244	4.70244	4.70244	4.70244
PC0122-C	Kilifi_Kenya	4.71214	4.71214	4.71214	4.71214	4.71214	4.71214	4.71214
PC0169-C	Kisumu_Kenya	4.70632	4.70632	4.70632	4.70632	4.70632	4.70632	4.70632
PC0172-C	Kisumu_Kenya	4.69852	4.69852	4.69852	4.69852	4.69852	4.69852	4.69852
PC0173-C	Kisumu_Kenya	4.69657	4.69657	4.69657	4.69657	4.69657	4.69657	4.69657
PC0174-C	Kisumu_Kenya	4.70048	4.70048	4.70048	4.70048	4.70048	4.70048	4.70048
PC0178-C	Kisumu_Kenya	4.70048	4.70048	4.70048	4.70048	4.70048	4.70048	4.70048
PC0180-C	Kombewa_Kenya	4.69462	4.69462	4.69462	4.69462	4.69462	4.69462	4.69462
PC0183-C	Kombewa_Kenya	4.69262	4.69262	4.69262	4.69262	4.69262	4.69262	4.69262
PC0184-C	Kombewa_Kenya	4.69852	4.69852	4.69852	4.69852	4.69852	4.69852	4.69852
PC0186-C	Kisumu_Kenya	4.70632	4.70632	4.70632	4.70632	4.70632	4.70632	4.70632
PC0187-C	Kombewa_Kenya	4.69067	4.69067	4.69067	4.69067	4.69067	4.69067	4.69067
PC0188-C	Kombewa_Kenya	4.69852	4.69852	4.69852	4.69852	4.69852	4.69852	4.69852
PC0189-C	Kombewa_Kenya	4.69462	4.69462	4.69462	4.69462	4.69462	4.69462	4.69462
PC0191-C	Kisumu_Kenya	4.69262	4.69262	4.69262	4.69262	4.69262	4.69262	4.69262
PC0193-C	Kisumu_Kenya	4.70441	4.70441	4.70441	4.70441	4.70441	4.70441	4.70441
PC0197-C	Kombewa_Kenya	4.68669	4.68669	4.68669	4.68669	4.68669	4.68669	4.68669
PC0198-C	Kisumu_Kenya	4.68868	4.68868	4.68868	4.68868	4.68868	4.68868	4.68868
PC0199-C	Kisumu_Kenya	4.69067	4.69067	4.69067	4.69067	4.69067	4.69067	4.69067
PC0200-C	Kisumu_Kenya	4.69852	4.69852	4.69852	4.69852	4.69852	4.69852	4.69852
PC0201-C	Kisumu_Kenya	4.69852	4.69852	4.69852	4.69852	4.69852	4.69852	4.69852
PC0202-C	Kisumu_Kenya	4.69262	4.69262	4.69262	4.69262	4.69262	4.69262	4.69262
PC0206-C	Kisumu_Kenya	4.72176	4.72176	4.72176	4.72176	4.72176	4.72176	4.72176
PC0208-C	Kisumu_Kenya	4.7083	4.7083	4.7083	4.7083	4.7083	4.7083	4.7083
PC0209-C	Kombewa_Kenya	4.70632	4.70632	4.70632	4.70632	4.70632	4.70632	4.70632
PC0213-C	Kisumu_Kenya	4.7083	4.7083	4.7083	4.7083	4.7083	4.7083	4.7083
PC0220-C	Kisumu_Kenya	4.70632	4.70632	4.70632	4.70632	4.70632	4.70632	4.70632
PC0229-C	Kisumu_Kenya	4.71407	4.71407	4.71407	4.71407	4.71407	4.71407	4.71407
PC0231-C	Kisumu_Kenya	4.69852	4.69852	4.69852	4.69852	4.69852	4.69852	4.69852
PC0232-C	Kisumu_Kenya	4.70244	4.70244	4.70244	4.70244	4.70244	4.70244	4.70244
PC0233-C	Kisumu_Kenya	4.7083	4.7083	4.7083	4.7083	4.7083	4.7083	4.7083
PC0236-C	Kisumu_Kenya	4.69852	4.69852	4.69852	4.69852	4.69852	4.69852	4.69852
PC0245-C	Kombewa_Kenya	4.7083	4.7083	4.7083	4.7083	4.7083	4.7083	4.7083
PC0246-C	Kombewa_Kenya	4.38838	4.38838	4.38838	4.38838	4.38838	4.38838	4.38838
PC0252-C	Kisumu_Kenya	4.69852	4.69852	4.69852	4.69852	4.69852	4.69852	4.69852
PC0254-C	Kisumu_Kenya	4.68868	4.68868	4.68868	4.68868	4.68868	4.68868	4.68868
PC0255-C	Kombewa_Kenya	4.69657	4.69657	4.69657	4.69657	4.69657	4.69657	4.69657
PC0256-C	Kombewa_Kenya	4.69852	4.69852	4.69852	4.69852	4.69852	4.69852	4.69852
PC0257-C	Kombewa_Kenya	4.71214	4.71214	4.71214	4.71214	4.71214	4.71214	4.71214
PC0258-C	Kisumu_Kenya	4.69852	4.69852	4.69852	4.69852	4.69852	4.69852	4.69852
PC0259-C	Kisumu_Kenya	4.71987	4.71987	4.71987	4.71987	4.71987	4.71987	4.71987
PC0262-C	Kombewa_Kenya	4.32494	4.32494	4.32494	4.32494	4.32494	4.32494	4.32494
PC0263-C	Kombewa_Kenya	4.46556	4.46556	4.46556	4.46556	4.46556	4.46556	4.46556
PC0268-C	Kisumu_Kenya	4.70244	4.70244	4.70244	4.70244	4.70244	4.70244	4.70244
PC0269-C	Kisumu_Kenya	4.72371	4.72371	4.72371	4.72371	4.72371	4.72371	4.72371
PC0273-C	Kombewa_Kenya	4.41997	4.41997	4.41997	4.41997	4.41997	4.41997	4.41997
PC0276-C	Kombewa_Kenya	4.69462	4.69462	4.69462	4.69462	4.69462	4.69462	4.69462
PC0277-C	Kisumu_Kenya	4.6211	4.6211	4.6211	4.6211	4.6211	4.6211	4.6211
PC0278-C	Kisumu_Kenya	4.13404	4.13404	4.13404	4.13404	4.13404	4.13404	4.13404
PC0282-C	Kombewa_Kenya	4.71022	4.71022	4.71022	4.71022	4.71022	4.71022	4.71022
PC0287-C	Kisumu_Kenya	4.55993	4.55993	4.55993	4.55993	4.55993	4.55993	4.55993
PC0288-C	Kisumu_Kenya	4.66261	4.66261	4.66261	4.66261	4.66261	4.66261	4.66261
PC0293-C	Kombewa_Kenya	4.70441	4.70441	4.70441	4.70441	4.70441	4.70441	4.70441
PC0295-C	Kombewa_Kenya	4.70048	4.70048	4.70048	4.70048	4.70048	4.70048	4.70048
PC0296-C	Kisumu_Kenya	4.71022	4.71022	4.71022	4.71022	4.71022	4.71022	4.71022
PC0301-C	Kombewa_Kenya	4.71022	4.71022	4.71022	4.71022	4.71022	4.71022	4.71022
PC0302-C	Kombewa_Kenya	4.64825	4.64825	4.64825	4.64825	4.64825	4.64825	4.64825
PC0305-C	Kisumu_Kenya	4.70048	4.70048	4.70048	4.70048	4.70048	4.70048	4.70048
PC0311-C	Kombewa_Kenya	4.70244	4.70244	4.70244	4.70244	4.70244	4.70244	4.70244
PC0314-C	Kombewa_Kenya	4.69262	4.69262	4.69262	4.69262	4.69262	4.69262	4.69262
PC0318-C	Kombewa_Kenya	3.58227	3.58227	3.58227	3.58227	3.58227	3.58227	3.58227
PC0337-C	Kombewa_Kenya	4.69262	4.69262	4.69262	4.69262	4.69262	4.69262	4.69262
PC0352-C	Kombewa_Kenya	4.69262	4.69262	4.69262	4.69262	4.69262	4.69262	4.69262
PD0003-C	Mae-Sot_Thailand	3.57626	3.57626	3.57626	3.57626	3.57626	3.57626	3.57626
PD0004-03	Mae-Sot_Thailand	4.49963	4.49963	4.49963	4.49963	4.49963	4.49963	4.49963
PD0004-C	Mae-Sot_Thailand	4.33343	4.33343	4.33343	4.33343	4.33343	4.33343	4.33343
PD0005-01	Mae-Sot_Thailand	4.48031	4.48031	4.48031	4.48031	4.48031	4.48031	4.48031
PD0005-C	Mae-Sot_Thailand	4.33062	4.33062	4.33062	4.33062	4.33062	4.33062	4.33062
PD0006-01	Mae-Sot_Thailand	4.50915	4.50915	4.50915	4.50915	4.50915	4.50915	4.50915
PD0007-01	Mae-Sot_Thailand	4.53026	4.53026	4.53026	4.53026	4.53026	4.53026	4.53026
PD0008-02	Mae-Sot_Thailand	3.83018	3.83018	3.83018	3.83018	3.83018	3.83018	3.83018
PD0009-01	Mae-Sot_Thailand	4.68669	4.68669	4.68669	4.68669	4.68669	4.68669	4.68669
PD0010-01	Mae-Sot_Thailand	4.34468	4.34468	4.34468	4.34468	4.34468	4.34468	4.34468
PD0011-01	Mae-Sot_Thailand	4.24178	4.24178	4.24178	4.24178	4.24178	4.24178	4.24178
PD0014-01	Mae-Sot_Thailand	1.60897	1.60897	1.69092	1.72954	1.99476	1.99476	1.99476
PD0015-02	Mae-Sot_Thailand	4.3613	4.3613	4.3613	4.3613	4.3613	4.3613	4.3613
PD0016-C	Mae-Sot_Thailand	4.33343	4.33343	4.33343	4.33343	4.33343	4.33343	4.33343
PD0017-C	Mae-Sot_Thailand	4.40695	4.40695	4.40695	4.40695	4.40695	4.40695	4.40695
PD0018-C	Mae-Sot_Thailand	4.28124	4.28124	4.28124	4.28124	4.28124	4.28124	4.28124
PD0019-C	Mae-Sot_Thailand	4.35853	4.35853	4.35853	4.35853	4.35853	4.35853	4.35853
PD0020-C	Mae-Sot_Thailand	4.4354	4.4354	4.4354	4.4354	4.4354	4.4354	4.4354
PD0021-C	Mae-Sot_Thailand	4.12015	4.12015	4.12015	4.12015	4.12015	4.12015	4.12015
PD0022-C	Mae-Sot_Thailand	3.61757	3.61757	3.61757	3.61757	3.61757	3.61757	3.61757
PD0023-C	Mae-Sot_Thailand	3.28471	3.28471	3.28471	3.28471	3.28471	3.28471	3.28471
PD0025-C	Mae-Sot_Thailand	4.68272	4.68272	4.68272	4.68272	4.68272	4.68272	4.68272
PD0026-C	Mae-Sot_Thailand	4.2449	4.2449	4.2449	4.2449	4.2449	4.2449	4.2449
PD0027-C	Mae-Sot_Thailand	4.73697	4.73697	4.73697	4.73697	4.73697	4.73697	4.73697
PD0028-C	Mae-Sot_Thailand	4.68074	4.68074	4.68074	4.68074	4.68074	4.68074	4.68074
PD0029-C	Mae-Sot_Thailand	4.7083	4.7083	4.7083	4.7083	4.7083	4.7083	4.7083
PD0030-C	Mae-Sot_Thailand	5.24513	5.24513	5.24513	5.24513	5.24513	5.24513	5.24513
PD0031-C	Mae-Sot_Thailand	4.6211	4.6211	4.6211	4.6211	4.6211	4.6211	4.6211
PD0032-C	Mae-Sot_Thailand	4.68074	4.68074	4.68074	4.68074	4.68074	4.68074	4.68074
PD0033-C	Mae-Sot_Thailand	4.79385	4.79385	4.79385	4.79385	4.79385	4.79385	4.79385
PD0034-C	Mae-Sot_Thailand	4.68272	4.68272	4.68272	4.68272	4.68272	4.68272	4.68272
PD0037-C	Mae-Sot_Thailand	4.45059	4.45059	4.45059	4.45059	4.45059	4.45059	4.45059
PD0038-C	Mae-Sot_Thailand	4.4043	4.4043	4.4043	4.4043	4.4043	4.4043	4.4043
PD0039-C	Mae-Sot_Thailand	4.1975	4.1975	4.1975	4.1975	4.1975	4.1975	4.1975
PD0040-C	Mae-Sot_Thailand	4.69462	4.69462	4.69462	4.69462	4.69462	4.69462	4.69462
PD0041-C	Mae-Sot_Thailand	4.69067	4.69067	4.69067	4.69067	4.69067	4.69067	4.69067
PD0042-C	Mae-Sot_Thailand	4.56889	4.56889	4.56889	4.56889	4.56889	4.56889	4.56889
PD0043-C	Mae-Sot_Thailand	4.53253	4.53253	4.53253	4.53253	4.53253	4.53253	4.53253
PD0044-C	Mae-Sot_Thailand	4.29893	4.29893	4.29893	4.29893	4.29893	4.29893	4.29893
PD0045-C	Mae-Sot_Thailand	4.30477	4.30477	4.30477	4.30477	4.30477	4.30477	4.30477
PD0046-C	Mae-Sot_Thailand	4.4277	4.4277	4.4277	4.4277	4.4277	4.4277	4.4277
PD0048-C	Mae-Sot_Thailand	4.55317	4.55317	4.55317	4.55317	4.55317	4.55317	4.55317
PD0050-C	Mae-Sot_Thailand	4.69462	4.69462	4.69462	4.69462	4.69462	4.69462	4.69462
PD0051-C	Mae-Sot_Thailand	4.1306	4.1306	4.1306	4.1306	4.1306	4.1306	4.1306
PD0052-C	Mae-Sot_Thailand	4.30767	4.30767	4.30767	4.30767	4.30767	4.30767	4.30767
PD0053-C	Mae-Sot_Thailand	4.13749	4.13749	4.13749	4.13749	4.13749	4.13749	4.13749
PD0054-C	Mae-Sot_Thailand	4.01326	4.01326	4.01326	4.01326	4.01326	4.01326	4.01326
PD0055-C	Mae-Sot_Thailand	4.69067	4.69067	4.69067	4.69067	4.69067	4.69067	4.69067
PD0056-C	Mae-Sot_Thailand	4.67871	4.67871	4.67871	4.67871	4.67871	4.67871	4.67871
PD0057-C	Mae-Sot_Thailand	4.57338	4.57338	4.57338	4.57338	4.57338	4.57338	4.57338
PD0058-C	Mae-Sot_Thailand	4.25717	4.25717	4.25717	4.25717	4.25717	4.25717	4.25717
PD0059-C	Mae-Sot_Thailand	4.67673	4.67673	4.67673	4.67673	4.67673	4.67673	4.67673
PD0060-C	Mae-Sot_Thailand	4.46059	4.46059	4.46059	4.46059	4.46059	4.46059	4.46059
PD0061-C	Mae-Sot_Thailand	4.68669	4.68669	4.68669	4.68669	4.68669	4.68669	4.68669
PD0062-C	Mae-Sot_Thailand	4.30189	4.30189	4.30189	4.30189	4.30189	4.30189	4.30189
PD0064-C	Mae-Sot_Thailand	2.6242	2.6242	2.6242	2.6242	2.6242	2.6242	2.6242
PD0065-C	Mae-Sot_Thailand	4.30767	4.30767	4.30767	4.30767	4.30767	4.30767	4.30767
PD0066-C	Mae-Sot_Thailand	4.28422	4.28422	4.28422	4.28422	4.28422	4.28422	4.28422
PD0067-C	Mae-Sot_Thailand	3.93224	3.93224	3.93224	3.93224	3.93224	3.93224	3.93224
PD0068-C	Mae-Sot_Thailand	3.99758	3.99758	3.99758	3.99758	3.99758	3.99758	3.99758
PD0069-C	Mae-Sot_Thailand	2.76907	2.76907	2.76907	2.76907	2.76907	2.76907	2.76907
PD0070-C	Mae-Sot_Thailand	4.68868	4.68868	4.68868	4.68868	4.68868	4.68868	4.68868
PD0071-C	Mae-Sot_Thailand	3.38434	3.38434	3.38434	3.38434	3.38434	3.38434	3.38434
PD0072-C	Mae-Sot_Thailand	4.68868	4.68868	4.68868	4.68868	4.68868	4.68868	4.68868
PD0073-C	Mae-Sot_Thailand	4.59099	4.59099	4.59099	4.59099	4.59099	4.59099	4.59099
PD0074-C	Mae-Sot_Thailand	4.37221	4.37221	4.37221	4.37221	4.37221	4.37221	4.37221
PD0075-C	Mae-Sot_Thailand	4.68272	4.68272	4.68272	4.68272	4.68272	4.68272	4.68272
PD0076-C	Mae-Sot_Thailand	4.68074	4.68074	4.68074	4.68074	4.68074	4.68074	4.68074
PD0077-C	Mae-Sot_Thailand	4.67068	4.67068	4.67068	4.67068	4.67068	4.67068	4.67068
PD0078-C	Mae-Sot_Thailand	4.68868	4.68868	4.68868	4.68868	4.68868	4.68868	4.68868
PD0079-C	Mae-Sot_Thailand	4.70441	4.70441	4.70441	4.70441	4.70441	4.70441	4.70441
PD0080-C	Mae-Sot_Thailand	4.69262	4.69262	4.69262	4.69262	4.69262	4.69262	4.69262
PD0081-C	Mae-Sot_Thailand	2.52602	2.52602	2.52602	2.52602	2.52602	2.52602	2.52602
PD0082-C	Mae-Sot_Thailand	4.68868	4.68868	4.68868	4.68868	4.68868	4.68868	4.68868
PD0083-C	Mae-Sot_Thailand	4.69067	4.69067	4.69067	4.69067	4.69067	4.69067	4.69067
PD0084-C	Mae-Sot_Thailand	2.15608	2.25086	2.25086	2.25086	2.25086	2.25086	2.25086
PD0085-C	Mae-Sot_Thailand	2.94208	2.94208	2.94208	2.94208	2.94208	2.94208	2.94208
PD0086-C	Mae-Sot_Thailand	4.70244	4.70244	4.70244	4.70244	4.70244	4.70244	4.70244
PD0087-C	Mae-Sot_Thailand	2.95337	2.95337	2.95337	2.95337	2.95337	2.95337	2.95337
PD0088-C	Mae-Sot_Thailand	2.33746	2.33746	2.33746	2.33746	2.33746	2.33746	2.33746
PD0089-C	Mae-Sot_Thailand	4.71022	4.71022	4.71022	4.71022	4.71022	4.71022	4.71022
PD0090-C	Mae-Sot_Thailand	4.6847	4.6847	4.6847	4.6847	4.6847	4.6847	4.6847
PD0091-C	Mae-Sot_Thailand	4.69262	4.69262	4.69262	4.69262	4.69262	4.69262	4.69262
PD0092-C	Mae-Sot_Thailand	4.69462	4.69462	4.69462	4.69462	4.69462	4.69462	4.69462
PD0093-C	Mae-Sot_Thailand	4.6847	4.6847	4.6847	4.6847	4.6847	4.6847	4.6847
PD0094-C	Mae-Sot_Thailand	4.68868	4.68868	4.68868	4.68868	4.68868	4.68868	4.68868
PD0095-C	Mae-Sot_Thailand	4.68868	4.68868	4.68868	4.68868	4.68868	4.68868	4.68868
PD0096-C	Mae-Sot_Thailand	4.69262	4.69262	4.69262	4.69262	4.69262	4.69262	4.69262
PD0097-C	Mae-Sot_Thailand	4.69262	4.69262	4.69262	4.69262	4.69262	4.69262	4.69262
PD0098-C	Mae-Sot_Thailand	4.68669	4.68669	4.68669	4.68669	4.68669	4.68669	4.68669
PD0100-C	Lab_Lab	4.68074	4.68074	4.68074	4.68074	4.68074	4.68074	4.68074
PD0101-C	Mae-Sot_Thailand	4.69852	4.69852	4.69852	4.69852	4.69852	4.69852	4.69852
PD0102-C	Mae-Sot_Thailand	4.40167	4.40167	4.40167	4.40167	4.40167	4.40167	4.40167
PD0103-C	Mae-Sot_Thailand	4.69262	4.69262	4.69262	4.69262	4.69262	4.69262	4.69262
PD0104-C	Mae-Sot_Thailand	2.20459	2.20459	2.20459	2.20459	2.20459	2.20459	2.20459
PD0105-C	Mae-Sot_Thailand	4.70048	4.70048	4.70048	4.70048	4.70048	4.70048	4.70048
PD0106-C	Mae-Sot_Thailand	4.68868	4.68868	4.68868	4.68868	4.68868	4.68868	4.68868
PD0107-C	Mae-Sot_Thailand	2.07865	2.07865	2.07865	2.07865	2.07865	2.07865	2.07865
PD0109-C	Mae-Sot_Thailand	4.54862	4.54862	4.54862	4.54862	4.54862	4.54862	4.54862
PD0110-C	Mae-Sot_Thailand	4.68272	4.68272	4.68272	4.68272	4.68272	4.68272	4.68272
PD0111-C	Mae-Sot_Thailand	4.69262	4.69262	4.69262	4.69262	4.69262	4.69262	4.69262
PD0112-C	Mae-Sot_Thailand	4.40955	4.40955	4.40955	4.40955	4.40955	4.40955	4.40955
PD0115-Cx	Mae-Sot_Thailand	4.69657	4.69657	4.69657	4.69657	4.69657	4.69657	4.69657
PD0116-C	Mae-Sot_Thailand	4.67471	4.67471	4.67471	4.67471	4.67471	4.67471	4.67471
PD0117-C	Mae-Sot_Thailand	4.68868	4.68868	4.68868	4.68868	4.68868	4.68868	4.68868
PD0118-C	Mae-Sot_Thailand	4.68669	4.68669	4.68669	4.68669	4.68669	4.68669	4.68669